lib,N,dim,nbnode,repeat,number,min,max,min3,max3,mean,lower,upper,count,median,error_c
ort,1,1,1,20,2,2.3582950234413147e-05,9.125377982854843e-05,2.3802276700735092e-05,2.6945024728775024e-05,2.7657393366098405e-05,2.3582950234413147e-05,5.632264417558114e-05,20,2.3892847821116447e-05,0
npy,1,1,1,20,2,1.3986136764287949e-05,3.733299672603607e-05,1.4080200344324112e-05,1.6518402844667435e-05,1.6027456149458884e-05,1.3986136764287949e-05,2.6580931336373832e-05,20,1.4198711141943932e-05,0
ort,10,1,1,20,2,2.3647677153348923e-05,6.048893555998802e-05,2.366025000810623e-05,3.7470366805791855e-05,2.7768220752477647e-05,2.3647677153348923e-05,4.62767138284322e-05,20,2.381065860390663e-05,0
npy,10,1,1,20,2,1.2421980500221252e-05,3.981683403253555e-05,1.253373920917511e-05,1.3346783816814423e-05,1.4394358731806279e-05,1.2421980500221252e-05,2.6185971446525633e-05,20,1.2686476111412048e-05,0
ort,100,1,1,20,2,2.5227200239896774e-05,5.471985787153244e-05,2.5346875190734863e-05,2.8380192816257477e-05,2.812983002513647e-05,2.5227200239896774e-05,4.202299455156631e-05,20,2.5528017431497574e-05,0
npy,100,1,1,20,2,1.2528151273727417e-05,1.9931234419345856e-05,1.2641306966543198e-05,1.3679731637239456e-05,1.3345875777304172e-05,1.2528151273727417e-05,1.6587524970659143e-05,20,1.2830598279833794e-05,0
ort,1000,1,1,20,2,4.174700006842613e-05,6.888294592499733e-05,4.225177690386772e-05,4.63840551674366e-05,4.626456648111343e-05,4.174700006842613e-05,5.905654092223734e-05,20,4.504784010350704e-05,0
npy,1000,1,1,20,2,1.9871164113283157e-05,4.266994073987007e-05,2.0105857402086258e-05,3.213668242096901e-05,2.3366417735815048e-05,1.9871164113283157e-05,3.631559732066476e-05,20,2.0393403246998787e-05,0
ort,10000,1,1,20,2,0.00020122481510043144,0.0002772877924144268,0.00020173890516161919,0.0002375408075749874,0.00021715546026825904,0.00020122481510043144,0.00025669084357091935,20,0.0002118358388543129,0
npy,10000,1,1,20,2,6.483495235443115e-05,0.00010513188317418098,6.577512249350548e-05,8.612498641014099e-05,7.065571844577789e-05,6.483495235443115e-05,9.145300936041462e-05,20,6.64200633764267e-05,0
ort,1,1,2,20,2,2.557411789894104e-05,5.523674190044403e-05,2.5801826268434525e-05,2.9085204005241394e-05,2.900648396462202e-05,2.557411789894104e-05,4.593535233078484e-05,20,2.5937100872397423e-05,0
npy,1,1,2,20,2,2.2309832274913788e-05,4.77922149002552e-05,2.260413020849228e-05,2.692313864827156e-05,2.465073484927416e-05,2.2309832274913788e-05,3.571340710782802e-05,20,2.2772233933210373e-05,0
ort,10,1,2,20,2,2.5860965251922607e-05,5.7460274547338486e-05,2.600019797682762e-05,2.7993228286504745e-05,2.8718658722937106e-05,2.5860965251922607e-05,4.3706730333534e-05,20,2.621486783027649e-05,0
npy,10,1,2,20,2,2.008303999900818e-05,3.564078360795975e-05,2.0310282707214355e-05,2.7728267014026642e-05,2.20124376937747e-05,2.008303999900818e-05,2.9718199870388756e-05,20,2.0467909052968025e-05,0
ort,100,1,2,20,2,2.851104363799095e-05,5.728472024202347e-05,2.8579961508512497e-05,3.0442140996456146e-05,3.1039933674037457e-05,2.851104363799095e-05,4.4751397273059975e-05,20,2.8699403628706932e-05,0
npy,100,1,2,20,2,1.993216574192047e-05,2.709822729229927e-05,2.0169652998447418e-05,2.061808481812477e-05,2.0642136223614217e-05,1.993216574192047e-05,2.3566586700005647e-05,20,2.0273728296160698e-05,0
ort,1000,1,2,20,2,5.974108353257179e-05,8.65710899233818e-05,6.103888154029846e-05,7.931888103485107e-05,6.559805478900671e-05,5.974108353257179e-05,8.236298866572399e-05,20,6.135739386081696e-05,0
npy,1000,1,2,20,2,2.9366929084062576e-05,3.7093181163072586e-05,2.9458198696374893e-05,3.0355993658304214e-05,3.018174320459366e-05,2.9366929084062576e-05,3.335184828737932e-05,20,2.9796967282891273e-05,0
ort,10000,1,2,20,2,0.00036289216950535774,0.00040037883445620537,0.0003734920173883438,0.0003792061470448971,0.000377121614292264,0.00036289216950535774,0.0003934582602895704,20,0.0003749795723706484,0
npy,10000,1,2,20,2,9.509408846497536e-05,0.00011436315253376961,9.559514001011848e-05,0.00010304292663931847,9.782235138118267e-05,9.509408846497536e-05,0.00010702484371696951,20,9.61825717240572e-05,0
ort,1,1,3,20,2,2.5422777980566025e-05,5.3478870540857315e-05,2.554524689912796e-05,2.6760157197713852e-05,2.7252850122749807e-05,2.5422777980566025e-05,3.91130442272133e-05,20,2.5730114430189133e-05,0
npy,1,1,3,20,2,2.9662158340215683e-05,3.7482939660549164e-05,2.9821880161762238e-05,3.0383002012968063e-05,3.0466914176940917e-05,2.9662158340215683e-05,3.3672257282038365e-05,20,3.0064955353736877e-05,0
ort,10,1,3,20,2,2.5978311896324158e-05,4.338333383202553e-05,2.6077963411808014e-05,3.4520868211984634e-05,2.8359377756714822e-05,2.5978311896324158e-05,3.865917312728801e-05,20,2.6196474209427834e-05,0
npy,10,1,3,20,2,2.6704277843236923e-05,3.3567193895578384e-05,2.696830779314041e-05,2.7548987418413162e-05,2.744814846664667e-05,2.6704277843236923e-05,3.0245929378779216e-05,20,2.706749364733696e-05,0
ort,100,1,3,20,2,3.0771829187870026e-05,4.6208035200834274e-05,3.092782571911812e-05,3.1460076570510864e-05,3.190089482814073e-05,3.0771829187870026e-05,3.835818298670111e-05,20,3.1142495572566986e-05,0
npy,100,1,3,20,2,2.7330126613378525e-05,3.452738747000694e-05,2.7397647500038147e-05,2.79243104159832e-05,2.7961703017354013e-05,2.7330126613378525e-05,3.093615111836325e-05,20,2.7621397748589516e-05,0
ort,1000,1,3,20,2,7.741991430521011e-05,9.548338130116463e-05,7.843086495995522e-05,7.935520261526108e-05,7.951282896101475e-05,7.741991430521011e-05,8.676127475706908e-05,20,7.866276428103447e-05,0
npy,1000,1,3,20,2,4.052417352795601e-05,4.849303513765335e-05,4.101777449250221e-05,4.227505996823311e-05,4.188618622720241e-05,4.052417352795601e-05,4.5031321532277857e-05,20,4.160497337579727e-05,0
ort,10000,1,3,20,2,0.0005189450457692146,0.0005972138606011868,0.0005241828039288521,0.0005494938232004642,0.0005413432372733951,0.0005189450457692146,0.0005758018700902044,20,0.0005394567269831896,0
npy,10000,1,3,20,2,0.0001356992870569229,0.00015957513824105263,0.00013588182628154755,0.00013969512656331062,0.00013797474093735218,0.0001356992870569229,0.00014806597934632174,20,0.00013631838373839855,0
ort,1,1,5,20,2,2.66428105533123e-05,5.567818880081177e-05,2.6863999664783478e-05,3.690924495458603e-05,2.994718961417675e-05,2.66428105533123e-05,4.4231306384518495e-05,20,2.7028610929846764e-05,0
npy,1,1,5,20,2,4.531024023890495e-05,5.366979166865349e-05,4.5460183173418045e-05,4.67570498585701e-05,4.6251341700553894e-05,4.531024023890495e-05,4.9722497703980855e-05,20,4.5761000365018845e-05,0
ort,10,1,5,20,2,2.6956666260957718e-05,4.515890032052994e-05,2.7033966034650803e-05,2.7562957257032394e-05,2.8161169029772282e-05,2.6956666260957718e-05,3.584010002254623e-05,20,2.7187401428818703e-05,0
npy,10,1,5,20,2,4.0075741708278656e-05,4.683109000325203e-05,4.0168873965740204e-05,4.155328497290611e-05,4.0897284634411335e-05,4.0075741708278656e-05,4.373526605125734e-05,20,4.043756052851677e-05,0
ort,100,1,5,20,2,3.5040080547332764e-05,5.3415074944496155e-05,3.518909215927124e-05,3.554578870534897e-05,3.624996170401573e-05,3.5040080547332764e-05,4.399765050181084e-05,20,3.527151420712471e-05,0
npy,100,1,5,20,2,4.109088331460953e-05,4.816194996237755e-05,4.1153281927108765e-05,4.1862018406391144e-05,4.1692820377647874e-05,4.109088331460953e-05,4.464426729452353e-05,20,4.1291117668151855e-05,0
ort,1000,1,5,20,2,0.00011166883632540703,0.00013787811622023582,0.00011245720088481903,0.00011551100760698318,0.00011525533627718688,0.00011166883632540703,0.00012851981255219928,20,0.0001128914300352335,0
npy,1000,1,5,20,2,6.305426359176636e-05,7.07400031387806e-05,6.369594484567642e-05,6.574811413884163e-05,6.488158833235502e-05,6.305426359176636e-05,6.800802684751402e-05,20,6.47595152258873e-05,0
ort,10000,1,5,20,2,0.0008775028400123119,0.0009336252696812153,0.000884306151419878,0.0009046527557075024,0.0008909090189263225,0.0008775028400123119,0.0009138421753089322,20,0.0008885622955858707,0
npy,10000,1,5,20,2,0.00021530920639634132,0.00023135077208280563,0.00021686870604753494,0.00022347969934344292,0.00021890022326260806,0.00021530920639634132,0.00022611940771803581,20,0.00021752226166427135,0
ort,1,1,10,20,2,2.957228571176529e-05,6.313994526863098e-05,2.9682181775569916e-05,3.0978117138147354e-05,3.164650406688452e-05,2.957228571176529e-05,4.584092364904837e-05,20,2.9839109629392624e-05,0
npy,1,1,10,20,2,8.440716192126274e-05,0.00011190632358193398,8.47051851451397e-05,8.699996396899223e-05,8.724052459001541e-05,8.440716192126274e-05,9.880300205757087e-05,20,8.571334183216095e-05,0
ort,10,1,10,20,2,3.053992986679077e-05,6.797490641474724e-05,3.055902197957039e-05,3.2199081033468246e-05,3.3676601015031336e-05,3.053992986679077e-05,5.1447529163543533e-05,20,3.0714087188243866e-05,0
npy,10,1,10,20,2,7.500592619180679e-05,8.161505684256554e-05,7.536076009273529e-05,7.682200521230698e-05,7.619718089699746e-05,7.500592619180679e-05,7.891836654277811e-05,20,7.585552521049976e-05,0
ort,100,1,10,20,2,4.599429666996002e-05,6.733881309628487e-05,4.606693983078003e-05,4.659872502088547e-05,4.7371373511850834e-05,4.599429666996002e-05,5.640249330202506e-05,20,4.6216417104005814e-05,0
npy,100,1,10,20,2,7.625902071595192e-05,8.398713544011116e-05,7.663015276193619e-05,7.790513336658478e-05,7.742240559309721e-05,7.625902071595192e-05,8.052201181075653e-05,20,7.699965499341488e-05,0
ort,1000,1,10,20,2,0.00019820267334580421,0.00022896099835634232,0.00020008115097880363,0.00022383639588952065,0.00020433617755770682,0.00019820267334580421,0.00022203137186473153,20,0.00020070606842637062,0
npy,1000,1,10,20,2,0.00011869799345731735,0.00013451417908072472,0.00011914223432540894,0.0001256088726222515,0.00012180977500975132,0.00011869799345731735,0.00012952210197482274,20,0.00011946656741201878,0
ort,10000,1,10,20,2,0.0017253803089261055,0.0018227272666990757,0.001740030013024807,0.0018069371581077576,0.0017601503990590573,0.0017253803089261055,0.0018162561987085264,20,0.0017462570685893297,0
npy,10000,1,10,20,2,0.00041725579649209976,0.00044874101877212524,0.0004188097082078457,0.0004369937814772129,0.00042556498665362595,0.00041725579649209976,0.00044185357767467684,20,0.0004234267398715019,0
ort,1,1,50,20,2,5.2921008318662643e-05,0.0001040976494550705,5.308398976922035e-05,5.431473255157471e-05,5.621723830699921e-05,5.2921008318662643e-05,7.781031804100694e-05,20,5.352240987122059e-05,0
npy,1,1,50,20,2,0.0003958931192755699,0.00047645997256040573,0.0003994600847363472,0.0004219086840748787,0.00040877636056393387,0.0003958931192755699,0.00044233043811997726,20,0.00040293438360095024,0
ort,10,1,50,20,2,5.922280251979828e-05,0.00010129529982805252,5.948031321167946e-05,6.067706272006035e-05,6.205448880791664e-05,5.922280251979828e-05,7.97283174732496e-05,20,6.005680188536644e-05,0
npy,10,1,50,20,2,0.0003446298651397228,0.0004233820363879204,0.0003458932042121887,0.00037459516897797585,0.0003593646688386798,0.0003446298651397228,0.00039797043843620925,20,0.0003527700901031494,0
ort,100,1,50,20,2,0.00013582594692707062,0.00021085189655423164,0.00013603176921606064,0.00016200728714466095,0.0001435010926797986,0.00013582594692707062,0.00018034023116293092,20,0.00013632094487547874,0
npy,100,1,50,20,2,0.0003562052734196186,0.00037827715277671814,0.0003574378788471222,0.0003663930110633373,0.000361686060205102,0.0003562052734196186,0.00037203748628366294,20,0.0003602465149015188,0
ort,1000,1,50,20,2,0.0009008562192320824,0.0009849867783486843,0.0009021866135299206,0.0009299041703343391,0.0009157262276858092,0.0009008562192320824,0.000956062747295851,20,0.0009061950258910656,0
npy,1000,1,50,20,2,0.0005632997490465641,0.0006428048945963383,0.0005674250423908234,0.0006112297996878624,0.0005855742841958999,0.0005632997490465641,0.0006241594726059287,20,0.0005809334106743336,0
ort,10000,1,50,20,2,0.008578060194849968,0.008722089231014252,0.008581879083067179,0.00871752668172121,0.008639066689647734,0.008578060194849968,0.008722089231014252,20,0.008632024982944131,0
npy,10000,1,50,20,2,0.0020091431215405464,0.002055354882031679,0.00201640697196126,0.0020393216982483864,0.002025980385951698,0.0020091431215405464,0.0020487436499400254,20,0.00202418165281415,0
ort,1,1,100,20,2,8.20159912109375e-05,0.00016065780073404312,8.204998448491096e-05,8.465396240353584e-05,8.770572021603585e-05,8.20159912109375e-05,0.00012222067876920646,20,8.241506293416023e-05,0
npy,1,1,100,20,2,0.0007709809578955173,0.00081656314432621,0.0007844371721148491,0.0008135968819260597,0.0007946026744320989,0.0007717638199634898,0.00081656314432621,20,0.0007933364249765873,0
ort,10,1,100,20,2,9.4579067081213e-05,0.000159453134983778,9.472901001572609e-05,9.541679173707962e-05,9.822130668908357e-05,9.4579067081213e-05,0.000125763209507829,20,9.49040986597538e-05,0
npy,10,1,100,20,2,0.0006887931376695633,0.0007260460406541824,0.0006932937540113926,0.0007180487737059593,0.0007047694874927401,0.0006887931376695633,0.000724169586123855,20,0.0007041804492473602,0
ort,100,1,100,20,2,0.000247396994382143,0.0003165062516927719,0.0002480028197169304,0.00025652535259723663,0.0002529767574742436,0.000247396994382143,0.0002825030044124442,20,0.0002484999131411314,0
npy,100,1,100,20,2,0.0007080370560288429,0.000746685080230236,0.0007152324542403221,0.000728486105799675,0.000722028105519712,0.0007080370560288429,0.000741163126434983,20,0.0007201000116765499,0
ort,1000,1,100,20,2,0.0017764940857887268,0.0018695597536861897,0.0017800778150558472,0.0017868103459477425,0.001788868964649737,0.0017764940857887268,0.0018303339857341893,20,0.0017821809742599726,0
npy,1000,1,100,20,2,0.001105193980038166,0.0011772490106523037,0.0011121532879769802,0.0011314949952065945,0.00112343009095639,0.001105193980038166,0.001151889238393131,20,0.0011202027089893818,0
ort,10000,1,100,20,2,0.017055987380445004,0.017411741893738508,0.017114114947617054,0.01722139585763216,0.01717571213375777,0.017055987380445004,0.01734311807469763,20,0.017155926441773772,0
npy,10000,1,100,20,2,0.003989281598478556,0.004110119771212339,0.004018167965114117,0.00406801188364625,0.004040458076633513,0.003990028451618329,0.004090887701648697,20,0.0040417141281068325,0
ort,1,1,150,20,2,0.0001109871082007885,0.00024349428713321686,0.00011127162724733353,0.00011309375986456871,0.00011847224086523057,0.0001109871082007885,0.0001747059224574567,20,0.00011165742762386799,0
npy,1,1,150,20,2,0.0011629844084382057,0.001201326958835125,0.0011731521226465702,0.0012000692076981068,0.0011817668797448277,0.0011629844084382057,0.001201326958835125,20,0.0011764506343752146,0
ort,10,1,150,20,2,0.00013026176020503044,0.0002149399369955063,0.00013039307668805122,0.00013194000348448753,0.00013615123461931943,0.00013026176020503044,0.0001730760849517687,20,0.0001306899357587099,0
npy,10,1,150,20,2,0.0010298332199454308,0.0010723378509283066,0.0010400069877505302,0.0010667811147868633,0.0010531900450587272,0.0010298332199454308,0.0010723378509283066,20,0.0010531179141253233,0
ort,100,1,150,20,2,0.00035913893952965736,0.0004514208994805813,0.0003593382425606251,0.0003683478571474552,0.0003657475812360644,0.00035913893952965736,0.0004046985350838613,20,0.0003596388269215822,0
npy,100,1,150,20,2,0.0010530482977628708,0.0010900842025876045,0.0010606059804558754,0.0010796929709613323,0.0010708000976592303,0.0010530482977628708,0.001088584715950181,20,0.0010712456423789263,0
ort,1000,1,150,20,2,0.002650521695613861,0.002781135030090809,0.002653141040354967,0.0027043852023780346,0.0026722900103777645,0.002650521695613861,0.002741329334428177,20,0.0026574539951980114,0
npy,1000,1,150,20,2,0.0016575711779296398,0.0017256038263440132,0.0016637342050671577,0.0017062178812921047,0.0016885719029232859,0.0016575711779296398,0.0017248455829956082,20,0.0016942820511758327,0
ort,10000,1,150,20,2,0.025608155876398087,0.026042060926556587,0.025636878330260515,0.02574233990162611,0.025694809784181417,0.025608155876398087,0.025903378833748703,20,0.025652233976870775,0
npy,10000,1,150,20,2,0.00601256312802434,0.006078939884901047,0.006019269116222858,0.0060715749859809875,0.006039117998443544,0.00601256312802434,0.006076471690681945,20,0.006035801954567432,0
ort,1,1,200,20,2,0.0001410958357155323,0.0002725874073803425,0.00014133797958493233,0.00014260504394769669,0.00014819588977843523,0.0001410958357155323,0.00020413924949072982,20,0.0001414839643985033,0
npy,1,1,200,20,2,0.0015484793111681938,0.0016158968210220337,0.0015627462416887283,0.0016003269702196121,0.0015797240426763891,0.0015484793111681938,0.001615315221215242,20,0.0015777910593897104,0
ort,10,1,200,20,2,0.00016564270481467247,0.00027981074526906013,0.0001660301350057125,0.00016745086759328842,0.000172292604111135,0.00016564270481467247,0.00022064894481468037,20,0.0001666832249611616,0
npy,10,1,200,20,2,0.0013619265519082546,0.0014087031595408916,0.001374965999275446,0.001390659250319004,0.0013836425729095935,0.0013621125538331466,0.0014051725919860404,20,0.0013855549041181803,0
ort,100,1,200,20,2,0.0004709828644990921,0.0005912240594625473,0.0004714089445769787,0.00047623924911022186,0.00047831390984356406,0.0004709828644990921,0.0005291762372658526,20,0.0004719644784927368,0
npy,100,1,200,20,2,0.0013994951732456684,0.0014616148546338081,0.0014149481430649757,0.0014491970650851727,0.0014283411670476197,0.0013994951732456684,0.001459101036464642,20,0.0014242848847061396,0
ort,1000,1,200,20,2,0.0035365396179258823,0.003690859768539667,0.0035381820052862167,0.003555281087756157,0.003549704421311617,0.0035365396179258823,0.0036140146800099126,20,0.003541290992870927,0
npy,1000,1,200,20,2,0.0021964688785374165,0.002262589056044817,0.002206937875598669,0.002257763873785734,0.0022262818878516556,0.0021964688785374165,0.002262589056044817,20,0.002220694674178958,0
ort,10000,1,200,20,2,0.03422683198004961,0.03496784809976816,0.034250129014253616,0.034470693208277225,0.0343355510616675,0.03422683198004961,0.03465355232026418,20,0.03427397715859115,0
npy,10000,1,200,20,2,0.008003504015505314,0.008094297256320715,0.008008850738406181,0.008092459756880999,0.008043451514095069,0.008003504015505314,0.008094297256320715,20,0.008036676794290543,0
ort,1,1,250,20,2,0.00017162924632430077,0.00036107469350099564,0.0001719738356769085,0.00017295219004154205,0.00018192760180681943,0.00017162924632430077,0.00026248924160173935,20,0.00017252005636692047,0
npy,1,1,250,20,2,0.001946501899510622,0.0020264191552996635,0.0019704331643879414,0.002009660005569458,0.001986343855969608,0.0019469826096826456,0.0020257051022565704,20,0.001984857954084873,0
ort,10,1,250,20,2,0.00020000291988253593,0.00033190101385116577,0.00020044809207320213,0.00020230794325470924,0.000207612500526011,0.00020000291988253593,0.0002635763842151637,20,0.00020072795450687408,0
npy,10,1,250,20,2,0.0016970019787549973,0.0017576944082975388,0.00170929916203022,0.001746573019772768,0.0017254983773455023,0.0016970019787549973,0.001757439819866783,20,0.0017279174644500017,0
ort,100,1,250,20,2,0.0005825711414217949,0.000728369690477848,0.0005831047892570496,0.00058782659471035,0.000591170322149992,0.0005825711414217949,0.0006529429513933914,20,0.0005834698677062988,0
npy,100,1,250,20,2,0.0017692837864160538,0.001893904060125351,0.001776604913175106,0.0018316302448511124,0.001807206473313272,0.0017692837864160538,0.0018680890165384532,20,0.0018054479733109474,0
ort,1000,1,250,20,2,0.004410114139318466,0.004604069050401449,0.004412190988659859,0.0044315289705991745,0.004427325981669128,0.004410114139318466,0.004508209900046264,20,0.004414832452312112,0
npy,1000,1,250,20,2,0.002748014871031046,0.002809308934956789,0.0027645910158753395,0.0028059491887688637,0.0027830853359773755,0.0027491952453396412,0.002809308934956789,20,0.0027833515778183937,0
ort,10000,1,250,20,2,0.04278993792831898,0.04340654518455267,0.042799829971045256,0.04305222723633051,0.04289010853972286,0.04278993792831898,0.043179761633849165,20,0.04283759533427656,0
npy,10000,1,250,20,2,0.010008790995925665,0.010142104234546423,0.010024337098002434,0.010103772860020399,0.010056868731044232,0.010008790995925665,0.010124266309896702,20,0.010047050658613443,0
ort,1,1,300,20,2,0.00019851280376315117,0.00038876570761203766,0.0001986469142138958,0.00020095333456993103,0.00020979936234652997,0.00019851280376315117,0.0002909347714884676,20,0.00019894842989742756,0
npy,1,1,300,20,2,0.0023224400356411934,0.002397630363702774,0.002341893967241049,0.002383716870099306,0.0023600501008331776,0.0023224400356411934,0.002397630363702774,20,0.002361954189836979,0
ort,10,1,300,20,2,0.00023478223010897636,0.00038872985169291496,0.0002353191375732422,0.0002364329993724823,0.000243517872877419,0.00023478223010897636,0.0003088765863158067,20,0.00023554963991045952,0
npy,10,1,300,20,2,0.0020194342359900475,0.002110765315592289,0.0020523923449218273,0.002101703081279993,0.0020718150306493046,0.0020277049606018376,0.002110765315592289,20,0.0020702281035482883,0
ort,100,1,300,20,2,0.0006933570839464664,0.0008814609609544277,0.0006937701255083084,0.0007184380665421486,0.0007063531782478094,0.0006933570839464664,0.0007863687132965725,20,0.0006944502238184214,0
npy,100,1,300,20,2,0.0020815078169107437,0.002193423919379711,0.0020991009660065174,0.002158425748348236,0.0021257119718939067,0.0020815078169107437,0.0021804466986418834,20,0.002122086938470602,0
ort,1000,1,300,20,2,0.005291871726512909,0.0055139330215752125,0.005293655209243298,0.005387377925217152,0.005334288417361677,0.005291871726512909,0.005443331621131927,20,0.005308734951540828,0
npy,1000,1,300,20,2,0.0033299666829407215,0.0037162001244723797,0.003457904327660799,0.003652778919786215,0.0035688387462869285,0.003382870345589707,0.0037162001244723797,20,0.003593610832467675,0
ort,10000,1,300,20,2,0.05123509932309389,0.05238108616322279,0.05131578724831343,0.05151714524254203,0.051434369874186814,0.05123509932309389,0.0518813622085957,20,0.05139407468959689,0
npy,10000,1,300,20,2,0.011974080000072718,0.012137874960899353,0.012015010230243206,0.012087778653949499,0.012048334232531488,0.011974080000072718,0.012130097188142393,20,0.012059509055688977,0
ort,1,10,1,20,2,2.4676788598299026e-05,6.624078378081322e-05,2.4721957743167877e-05,2.5972723960876465e-05,2.7087400667369366e-05,2.4676788598299026e-05,4.472680674031079e-05,20,2.4893786758184433e-05,0
npy,1,10,1,20,2,1.28159299492836e-05,2.080574631690979e-05,1.3001728802919388e-05,1.3452023267745972e-05,1.3509602285921574e-05,1.28159299492836e-05,1.6805506475827775e-05,20,1.3111624866724014e-05,0
ort,10,10,1,20,2,2.6684720069169998e-05,3.97777184844017e-05,2.676481381058693e-05,2.840859815478325e-05,2.8062891215085983e-05,2.6684720069169998e-05,3.4191743858087904e-05,20,2.702116034924984e-05,0
npy,10,10,1,20,2,1.3879965990781784e-05,2.2840220481157303e-05,1.4008954167366028e-05,1.5241093933582306e-05,1.498169731348753e-05,1.3879965990781784e-05,2.0014072515346526e-05,20,1.4079967513680458e-05,0
ort,100,10,1,20,2,4.243385046720505e-05,5.8818142861127853e-05,4.2697880417108536e-05,4.3662264943122864e-05,4.3893116526305676e-05,4.243385046720505e-05,5.065520986422456e-05,20,4.310556687414646e-05,0
npy,100,10,1,20,2,2.257293090224266e-05,3.0431896448135376e-05,2.2687949240207672e-05,2.35862098634243e-05,2.329912967979908e-05,2.257293090224266e-05,2.6554929367434695e-05,20,2.2892607375979424e-05,0
ort,1000,10,1,20,2,0.0001843576319515705,0.00021671084687113762,0.0001867269165813923,0.00020225392654538155,0.00019816351123154164,0.0001843576319515705,0.0002159790538696112,20,0.0002003801055252552,0
npy,1000,10,1,20,2,9.399419650435448e-05,0.00010976102203130722,9.432900696992874e-05,0.00010416563600301743,9.643493685871363e-05,9.399419650435448e-05,0.00010474621444145678,20,9.483634494245052e-05,0
ort,10000,10,1,20,2,0.0017818142659962177,0.0019449242390692234,0.0018663741648197174,0.0018882667645812035,0.0018733195029199123,0.0018195452471691507,0.001927093758670674,20,0.0018747532740235329,0
npy,10000,10,1,20,2,0.0008425400592386723,0.0008597448468208313,0.0008439528755843639,0.0008511780761182308,0.0008476089453324676,0.0008425400592386723,0.0008564613271296462,20,0.0008461577817797661,0
ort,1,10,2,20,2,2.5004614144563675e-05,0.0007467726245522499,2.5354325771331787e-05,2.6338733732700348e-05,6.180380005389452e-05,2.5004614144563675e-05,0.00036980589771153815,20,2.5626271963119507e-05,0
npy,1,10,2,20,2,1.9656959921121597e-05,2.7589034289121628e-05,1.9692815840244293e-05,2.02888622879982e-05,2.0274985581636427e-05,1.9656959921121597e-05,2.3587410481280425e-05,20,1.9850442185997963e-05,0
ort,10,10,2,20,2,2.862280234694481e-05,4.5890454202890396e-05,2.8816983103752136e-05,2.932734787464142e-05,2.986583858728409e-05,2.862280234694481e-05,3.710703574448454e-05,20,2.8899870812892914e-05,0
npy,10,10,2,20,2,2.2239983081817627e-05,3.108615055680275e-05,2.25212424993515e-05,2.2827647626399994e-05,2.3086857981979848e-05,2.2239983081817627e-05,2.671032545911583e-05,20,2.2639520466327667e-05,0
ort,100,10,2,20,2,5.964934825897217e-05,8.27256590127945e-05,6.000511348247528e-05,6.181374192237854e-05,6.281710229814053e-05,5.964934825897217e-05,7.440601496815765e-05,20,6.111711263656616e-05,0
npy,100,10,2,20,2,3.867829218506813e-05,4.759291186928749e-05,3.882218152284622e-05,3.947317600250244e-05,3.955247811973095e-05,3.867829218506813e-05,4.3221859915993296e-05,20,3.9103906601667404e-05,0
ort,1000,10,2,20,2,0.0003579421900212765,0.0004120729863643646,0.00037193484604358673,0.00037581613287329674,0.00037552155554294587,0.0003579421900212765,0.00039726135723058674,20,0.00037393788807094097,0
npy,1000,10,2,20,2,0.00017375685274600983,0.00018468080088496208,0.00017485208809375763,0.00017638271674513817,0.00017611912917345763,0.00017375685274600983,0.0001811647642486467,20,0.00017542648129165173,0
ort,10000,10,2,20,2,0.0034002335742115974,0.0036002290435135365,0.003435820806771517,0.003592847380787134,0.0035348362056538464,0.0034115919267804517,0.0036002290435135365,20,0.0035576033405959606,0
npy,10000,10,2,20,2,0.0015208800323307514,0.0015396461822092533,0.0015225159004330635,0.0015319469384849072,0.0015282350359484553,0.0015208800323307514,0.0015368050998045208,20,0.0015282714739441872,0
ort,1,10,3,20,2,2.6005785912275314e-05,0.0007524406537413597,2.611801028251648e-05,2.7026981115341187e-05,6.285631097853183e-05,2.6005785912275314e-05,0.00037293348603408157,20,2.640625461935997e-05,0
npy,1,10,3,20,2,2.6386231184005737e-05,3.395881503820419e-05,2.6680994778871536e-05,2.730404958128929e-05,2.7217925526201726e-05,2.6386231184005737e-05,3.0292298847484676e-05,20,2.682674676179886e-05,0
ort,10,10,3,20,2,3.0769966542720795e-05,4.796171560883522e-05,3.087194636464119e-05,3.1257979571819305e-05,3.197477199137211e-05,3.0769966542720795e-05,3.921095576686891e-05,20,3.108452074229717e-05,0
npy,10,10,3,20,2,3.032013773918152e-05,3.91700305044651e-05,3.055203706026077e-05,3.1319912523031235e-05,3.119946923106909e-05,3.032013773918152e-05,3.482825382357438e-05,20,3.0720606446266174e-05,0
ort,100,10,3,20,2,7.68713653087616e-05,9.654788300395012e-05,7.756892591714859e-05,7.928116247057915e-05,7.928905542939902e-05,7.68713653087616e-05,8.722590755032059e-05,20,7.837195880711079e-05,0
npy,100,10,3,20,2,5.365908145904541e-05,6.330572068691254e-05,5.4169911891222e-05,5.5585987865924835e-05,5.50104072317481e-05,5.365908145904541e-05,5.888730524696209e-05,20,5.447212606668472e-05,0
ort,1000,10,3,20,2,0.0005179070867598057,0.000569530762732029,0.0005285888910293579,0.0005545769818127155,0.0005406929645687342,0.0005179070867598057,0.0005664096535433853,20,0.0005414229817688465,0
npy,1000,10,3,20,2,0.0002542617730796337,0.0002652718685567379,0.00025497283786535263,0.00025740498676896095,0.00025642476975917816,0.0002542617730796337,0.00026102272999358665,20,0.00025575514882802963,0
ort,10000,10,3,20,2,0.0050902352668344975,0.005309619940817356,0.005113846156746149,0.005281215999275446,0.005200444022193551,0.0050902352668344975,0.005309619940817356,20,0.005229384871199727,0
npy,10000,10,3,20,2,0.00219923397526145,0.002233813051134348,0.0022034691646695137,0.002226872369647026,0.002209924487397075,0.00219923397526145,0.002227812709381001,20,0.0022078354377299547,0
ort,1,10,5,20,2,2.739066258072853e-05,0.0007367897778749466,2.7548056095838547e-05,2.8627924621105194e-05,6.34065829217434e-05,2.739066258072853e-05,0.00036619876204473063,20,2.7820002287626266e-05,0
npy,1,10,5,20,2,4.026293754577637e-05,4.8718880861997604e-05,4.045385867357254e-05,4.161708056926727e-05,4.1255750693380834e-05,4.026293754577637e-05,4.474448119525388e-05,20,4.077795892953873e-05,0
ort,10,10,5,20,2,3.527011722326279e-05,5.449913442134857e-05,3.544706851243973e-05,3.6014243960380554e-05,3.6644726060330866e-05,3.527011722326279e-05,4.4730399760979684e-05,20,3.5570934414863586e-05,0
npy,10,10,5,20,2,4.6683941036462784e-05,5.52530400454998e-05,4.681898280978203e-05,4.780106246471405e-05,4.742685705423355e-05,4.6683941036462784e-05,5.100968917407992e-05,20,4.692212678492069e-05,0
ort,100,10,5,20,2,0.00011022482067346573,0.000132835004478693,0.00011207675561308861,0.00011418992653489113,0.00011400009971112013,0.00011022482067346573,0.00012276245568129692,20,0.000113264424726367,0
npy,100,10,5,20,2,8.470891043543816e-05,0.00011136895045638084,8.48858617246151e-05,8.719274774193764e-05,8.741742931306362e-05,8.470891043543816e-05,9.885077178771889e-05,20,8.58604907989502e-05,0
ort,1000,10,5,20,2,0.0008764551021158695,0.0009083091281354427,0.0008796621114015579,0.0009032180532813072,0.0008864171570166946,0.0008764551021158695,0.0009047517659388377,20,0.0008831864688545465,0
npy,1000,10,5,20,2,0.00041319290176033974,0.00042729172855615616,0.00041510723531246185,0.0004219701513648033,0.0004172103013843298,0.00041319290176033974,0.00042383118588913487,20,0.00041595310904085636,0
ort,10000,10,5,20,2,0.008459997363388538,0.008748199325054884,0.008535420056432486,0.008676227182149887,0.008617218071594834,0.008486679648545386,0.008747756494644281,20,0.008623397443443537,0
npy,10000,10,5,20,2,0.003558114171028137,0.0035847011022269726,0.0035601877607405186,0.0035738288424909115,0.0035651160636916757,0.003558114171028137,0.0035769787190328916,20,0.0035636192187666893,0
ort,1,10,10,20,2,3.2188836485147476e-05,0.0007645571604371071,3.225775435566902e-05,3.303680568933487e-05,6.923174951225519e-05,3.2188836485147476e-05,0.0003818918960431326,20,3.244099207222462e-05,0
npy,1,10,10,20,2,7.69682228565216e-05,8.601183071732521e-05,7.732119411230087e-05,7.92178325355053e-05,7.848658133298158e-05,7.69682228565216e-05,8.316578500645384e-05,20,7.76173546910286e-05,0
ort,10,10,10,20,2,4.635285586118698e-05,6.826687604188919e-05,4.654284566640854e-05,4.742201417684555e-05,4.787873476743698e-05,4.635285586118698e-05,5.709492593692228e-05,20,4.6727946028113365e-05,0
npy,10,10,10,20,2,8.729193359613419e-05,0.00011426769196987152,8.764909580349922e-05,8.856970816850662e-05,8.973134681582451e-05,8.729193359613419e-05,0.0001013607386570747,20,8.810427971184254e-05,0
ort,100,10,10,20,2,0.00019989674910902977,0.00022480590268969536,0.00020023109391331673,0.0002025701105594635,0.00020323817152529956,0.00019989674910902977,0.00021644797581302704,20,0.00020104087889194489,0
npy,100,10,10,20,2,0.00016052508726716042,0.00018861284479498863,0.00016183080151677132,0.00016494560986757278,0.00016427813097834586,0.00016052508726716042,0.00017604440017514127,20,0.00016251299530267715,0
ort,1000,10,10,20,2,0.0016934131272137165,0.001768115907907486,0.0017186300829052925,0.0017540808767080307,0.0017302891006693243,0.0016975918924341533,0.0017629863089044953,20,0.0017285440117120743,0
npy,1000,10,10,20,2,0.0008084429427981377,0.0008554360829293728,0.0008142539300024509,0.0008224551565945148,0.0008199660805985332,0.0008084429427981377,0.0008399587340871344,20,0.0008171726949512959,0
ort,10000,10,10,20,2,0.016461156774312258,0.017199816182255745,0.01704744016751647,0.01715168682858348,0.017060338333249093,0.01676690594243102,0.017199816182255745,20,0.017091890331357718,0
npy,10000,10,10,20,2,0.0069549307227134705,0.006989421788603067,0.006959547288715839,0.006984533742070198,0.006968791550025344,0.0069549307227134705,0.006988119484599878,20,0.006966906134039164,0
ort,1,10,50,20,2,6.291689351201057e-05,0.0008036522194743156,6.339699029922485e-05,6.400980055332184e-05,0.00010075720492750407,6.291689351201057e-05,0.00041682009510852905,20,6.366241723299026e-05,0
npy,1,10,50,20,2,0.00035098521038889885,0.00037962011992931366,0.00035447487607598305,0.00035805022343993187,0.0003579151351004839,0.00035098521038889885,0.000372204731091906,20,0.0003563936334103346,0
ort,10,10,50,20,2,0.00013851886615157127,0.00018256204202771187,0.00013872375711798668,0.00014014216139912605,0.00014298977330327035,0.00013851886615157127,0.00016635552614833194,20,0.0001390436664223671,0
npy,10,10,50,20,2,0.00040778517723083496,0.00042584771290421486,0.00041152024641633034,0.00041791610419750214,0.0004143432946875691,0.00040778517723083496,0.0004219761499896727,20,0.00041392189450562,0
ort,100,10,50,20,2,0.0008976468816399574,0.0009477967396378517,0.0008989670313894749,0.0009047756902873516,0.0009034314658492804,0.0008976468816399574,0.0009238343726816347,20,0.000900674844160676,0
npy,100,10,50,20,2,0.0007634828798472881,0.0007862932980060577,0.0007707918994128704,0.0007847598753869534,0.0007769225165247917,0.0007642768968293002,0.0007862932980060577,20,0.0007763288449496031,0
ort,1000,10,50,20,2,0.008458319120109081,0.008733312133699656,0.008491237182170153,0.008542045950889587,0.008516281470656395,0.008458319120109081,0.00862328623048532,20,0.008501318981871009,0
npy,1000,10,50,20,2,0.003990916069597006,0.004061938729137182,0.004017531871795654,0.004045381676405668,0.004028845857828855,0.003998398286267097,0.004059293429390614,20,0.004029551986604929,0
ort,10000,10,50,20,2,0.0846680928952992,0.08633688325062394,0.08470086567103863,0.08518148306757212,0.08497999035753309,0.0846680928952992,0.08575208925866136,20,0.08482367545366287,0
npy,10000,10,50,20,2,0.03413514932617545,0.035709917079657316,0.03417358174920082,0.034879402723163366,0.03442179667763412,0.03413514932617545,0.035203544503181965,20,0.03426455846056342,0
ort,1,10,100,20,2,9.591691195964813e-05,0.0008860602974891663,9.606126695871353e-05,9.722402319312096e-05,0.00013597714714705945,9.591691195964813e-05,0.0004732579005676678,20,9.625568054616451e-05,0
npy,1,10,100,20,2,0.0006851539947092533,0.0007648118771612644,0.0006918041035532951,0.0007181568071246147,0.0007039122050628066,0.0006851539947092533,0.0007425730015955611,20,0.0006963438354432583,0
ort,10,10,100,20,2,0.0002466496080160141,0.00031372904777526855,0.00024698488414287567,0.00025563081726431847,0.0002538684289902449,0.0002466496080160141,0.00029012169263596877,20,0.00024718442000448704,0
npy,10,10,100,20,2,0.0008108839392662048,0.0009479452855885029,0.0008325478993356228,0.0008859890513122082,0.0008544074604287744,0.0008108839392662048,0.0009174896864415259,20,0.000837620347738266,0
ort,100,10,100,20,2,0.0017660502344369888,0.0019983677193522453,0.0017663752660155296,0.0018212269060313702,0.0017980221658945084,0.0017660502344369888,0.0019217954697752194,20,0.0017728905659168959,0
npy,100,10,100,20,2,0.0015196497552096844,0.00158351706340909,0.001525860745459795,0.0015665902756154537,0.0015434890985488892,0.0015196497552096844,0.001577776068304674,20,0.0015381760895252228,0
ort,1000,10,100,20,2,0.016935404390096664,0.017073285300284624,0.016946134623140097,0.017024307046085596,0.01697645995300263,0.016935404390096664,0.01705398625425321,20,0.016961666056886315,0
npy,1000,10,100,20,2,0.007986506912857294,0.008268019184470177,0.008032183162868023,0.00809521833434701,0.00806001799646765,0.007986506912857294,0.00816834291284824,20,0.008051407989114523,0
ort,10000,10,100,20,2,0.16571669885888696,0.17035294184461236,0.16653185710310936,0.16893399134278297,0.1678286483278498,0.16571669885888696,0.17001403444579397,20,0.1679043665062636,0
npy,10000,10,100,20,2,0.06804369203746319,0.06939007621258497,0.06805766699835658,0.06830769125372171,0.06824437964241951,0.06804369203746319,0.06890894722405741,20,0.06814300827682018,0
ort,1,10,150,20,2,0.0001315888948738575,0.0009343540295958519,0.000131889246404171,0.00013368390500545502,0.00017373280134052037,0.0001315888948738575,0.0005159474698397531,20,0.00013222801499068737,0
npy,1,10,150,20,2,0.0010287901386618614,0.0010769260115921497,0.001042380928993225,0.0010700267739593983,0.0010528267128393054,0.0010287901386618614,0.0010769260115921497,20,0.0010513060260564089,0
ort,10,10,150,20,2,0.000357569195330143,0.0004478590562939644,0.00035774195566773415,0.0003598099574446678,0.00036280406638979914,0.000357569195330143,0.00040113005335132334,20,0.00035794940777122974,0
npy,10,10,150,20,2,0.001226963009685278,0.0012603150680661201,0.0012363111600279808,0.0012510516680777073,0.0012437654193490743,0.001226963009685278,0.0012603150680661201,20,0.001243814593181014,0
ort,100,10,150,20,2,0.002631832379847765,0.0027332957834005356,0.002636644057929516,0.0026497123762965202,0.002648188709281385,0.002631832379847765,0.0026966131596853865,20,0.0026395220775157213,0
npy,100,10,150,20,2,0.002262632828205824,0.002341747749596834,0.0022923541255295277,0.0023316461592912674,0.0023082179483026265,0.002267193554071945,0.002341747749596834,20,0.002308287424966693,0
ort,1000,10,150,20,2,0.02534421905875206,0.02552826190367341,0.025366466958075762,0.02550456579774618,0.02542230566032231,0.02534421905875206,0.025524240920735748,20,0.025417925789952278,0
npy,1000,10,150,20,2,0.011938977986574173,0.012114075012505054,0.01201605424284935,0.012110375333577394,0.012060598633252085,0.01196851284631123,0.012114075012505054,20,0.01207335852086544,0
ort,10000,10,150,20,2,0.24816738395020366,0.26082093780860305,0.25063735293224454,0.25672605400905013,0.25325571624562143,0.24816738395020366,0.2593690283413217,20,0.25270015513524413,0
npy,10000,10,150,20,2,0.10202096728608012,0.10616265796124935,0.10221571521833539,0.10375209804624319,0.1030947885941714,0.10202096728608012,0.10529765836316426,20,0.10279204533435404,0
ort,1,10,200,20,2,0.00016939779743552208,0.0010057450272142887,0.0001696879044175148,0.00017267093062400818,0.00021310753654688597,0.00016939779743552208,0.0005696779093992726,20,0.0001699624117463827,0
npy,1,10,200,20,2,0.0013726339675486088,0.0014159642159938812,0.001387489028275013,0.0014101061969995499,0.0013956353301182388,0.0013729816927541378,0.0014159642159938812,20,0.0013949088752269745,0
ort,10,10,200,20,2,0.0004701768048107624,0.0005865939892828465,0.00047046318650245667,0.00047640688717365265,0.00047741641756147144,0.0004701768048107624,0.0005267043302626522,20,0.0004708894994109869,0
npy,10,10,200,20,2,0.0016089119017124176,0.0016566412523388863,0.0016243238933384418,0.0016429359093308449,0.0016323741292580962,0.0016126718126763164,0.001652076445839876,20,0.001631786348298192,0
ort,100,10,200,20,2,0.003503444604575634,0.003644730895757675,0.003505019936710596,0.003512740135192871,0.0035152461379766462,0.003503444604575634,0.003574371064330517,20,0.0035075030755251646,0
npy,100,10,200,20,2,0.0030478769913315773,0.0031690718606114388,0.0030736620537936687,0.003143934067338705,0.003104064241051674,0.0030478769913315773,0.0031673638716951057,20,0.0031010315287858248,0
ort,1000,10,200,20,2,0.033780890982598066,0.03409033082425594,0.03381605027243495,0.03399234404787421,0.03387132643256337,0.033780890982598066,0.034025839230848086,20,0.033854790730401874,0
npy,1000,10,200,20,2,0.01587545918300748,0.01619156403467059,0.01600181171670556,0.016077104955911636,0.0160389918833971,0.015915820215454277,0.016162163551339925,20,0.01603549625724554,0
ort,10000,10,200,20,2,0.33102766005322337,0.338692557066679,0.333448369987309,0.3369964677840471,0.3347995455609635,0.3312199953310533,0.33837909579087366,20,0.33485536416992545,0
npy,10000,10,200,20,2,0.13693004520609975,0.13752573123201728,0.13699456676840782,0.13730449136346579,0.13715306960511953,0.13693004520609975,0.13743617295729146,20,0.13711683405563235,0
ort,1,10,250,20,2,0.0002025947906076908,0.001108031254261732,0.00020271306857466698,0.00021192431449890137,0.0002497045323252678,0.0002025947906076908,0.0006357646631206049,20,0.00020309537649154663,0
npy,1,10,250,20,2,0.0017052460461854935,0.0017729359678924084,0.0017143990844488144,0.0017494270578026772,0.0017337344819679857,0.0017052460461854935,0.0017657460029814895,20,0.0017354704905301332,0
ort,10,10,250,20,2,0.000580458901822567,0.0007251719944179058,0.0005811131559312344,0.0005862400867044926,0.0005892109824344516,0.000580458901822567,0.0006504189543481785,20,0.0005816356278955936,0
npy,10,10,250,20,2,0.0020297821611166,0.002096284180879593,0.0020389249548316,0.002072622999548912,0.002055414533242583,0.0020297821611166,0.0020874824586497674,20,0.002055256860330701,0
ort,100,10,250,20,2,0.004375816322863102,0.00451978575438261,0.00437864800915122,0.00438996497541666,0.004389062291011214,0.004375816322863102,0.004448430918778678,20,0.004381036618724465,0
npy,100,10,250,20,2,0.003805230837315321,0.003920356743037701,0.0038368371315300465,0.0038939272053539753,0.0038588861003518104,0.003805230837315321,0.0039140367216630965,20,0.003850713139399886,0
ort,1000,10,250,20,2,0.04220625478774309,0.04249933594837785,0.04225028306245804,0.042329729069024324,0.042302415263839065,0.04220625478774309,0.04241926260807262,20,0.04230248648673296,0
npy,1000,10,250,20,2,0.019932078663259745,0.020349110942333937,0.019984218757599592,0.02016232395544648,0.020094941672869026,0.019932078663259745,0.020287974129031848,20,0.02009818935766816,0
ort,10000,10,250,20,2,0.4164408603683114,0.42173537891358137,0.4168453677557409,0.42078815307468176,0.4190755182411522,0.4164408603683114,0.42173537891358137,20,0.41941770911216736,0
npy,10000,10,250,20,2,0.16917002713307738,0.17037458205595613,0.1694379593245685,0.16999282268807292,0.1696439752355218,0.16917002713307738,0.170164052896526,20,0.1696103480644524,0
ort,1,10,300,20,2,0.0002382686361670494,0.0011647297069430351,0.00023856991901993752,0.0002632788382470608,0.0002877330873161554,0.0002382686361670494,0.0006823566239868064,20,0.00023882952518761158,0
npy,1,10,300,20,2,0.002031147014349699,0.00211861589923501,0.0020657232962548733,0.0021004388108849525,0.002082341187633574,0.002044412744745387,0.00211861589923501,20,0.002082207938656211,0
ort,10,10,300,20,2,0.0006907670758664608,0.0008504721336066723,0.000691042747348547,0.0006967158988118172,0.0007005132967606187,0.0006907670758664608,0.0007681036600464721,20,0.0006916550919413567,0
npy,10,10,300,20,2,0.0024264706298708916,0.0024968627840280533,0.002443848177790642,0.002483699005097151,0.0024619371630251407,0.0024264706298708916,0.0024968627840280533,20,0.0024632979184389114,0
ort,100,10,300,20,2,0.005240690894424915,0.005429718643426895,0.005246620159596205,0.005263171158730984,0.005260327667929232,0.005240690894424915,0.005337358496314226,20,0.00525143975391984,0
npy,100,10,300,20,2,0.004564806818962097,0.0047021908685564995,0.004582578781992197,0.004669991787523031,0.004621823993511498,0.004564806818962097,0.004691474617003123,20,0.004617762519046664,0
ort,1000,10,300,20,2,0.050643779803067446,0.051168973091989756,0.050673036836087704,0.05082093831151724,0.050754538946785034,0.050643779803067446,0.050977458022505334,20,0.05072481697425246,0
npy,1000,10,300,20,2,0.024027810897678137,0.024280886631458998,0.024056870955973864,0.024235975928604603,0.02411980484612286,0.024027810897678137,0.024263002624047153,20,0.024100329726934433,0
ort,10000,10,300,20,2,0.49535029381513596,0.5053522628732026,0.49901094287633896,0.5043152589350939,0.5008241006871685,0.495650304770758,0.5053522628732026,20,0.5003749632742256,0
npy,10000,10,300,20,2,0.20338094513863325,0.2043298534117639,0.20348137756809592,0.20406506210565567,0.20372592718340457,0.20338094513863325,0.20427269238530024,20,0.20360279735177755,0
ort,1,100,1,20,2,2.6733148843050003e-05,0.0008293231949210167,2.679973840713501e-05,2.7230940759181976e-05,6.718891672790051e-05,2.6733148843050003e-05,0.00040988827529907294,20,2.6935478672385216e-05,0
npy,1,100,1,20,2,1.3116281479597092e-05,2.1616928279399872e-05,1.3171695172786713e-05,1.3552140444517136e-05,1.3729650527238846e-05,1.3116281479597092e-05,1.7292010134421226e-05,20,1.327740028500557e-05,0
ort,10,100,1,20,2,4.290696233510971e-05,5.9157609939575195e-05,4.295259714126587e-05,4.389416426420212e-05,4.401516634970904e-05,4.290696233510971e-05,5.0852159272336314e-05,20,4.310347139835358e-05,0
npy,10,100,1,20,2,2.0388979464769363e-05,2.891896292567253e-05,2.0592007786035538e-05,2.111494541168213e-05,2.1255295723676682e-05,2.0388979464769363e-05,2.4737579919935932e-05,20,2.0932871848344803e-05,0
ort,100,100,1,20,2,0.00019956519827246666,0.00022703595459461212,0.00020131096243858337,0.0002027139998972416,0.00020388409029692411,0.00019956519827246666,0.0002171651262435674,20,0.00020175939425826073,0
npy,100,100,1,20,2,6.767874583601952e-05,8.298084139823914e-05,6.826501339673996e-05,7.120892405509949e-05,6.98483781889081e-05,6.767874583601952e-05,7.613531167173579e-05,20,6.909295916557312e-05,0
ort,1000,100,1,20,2,0.001767702866345644,0.001872051041573286,0.0018539330922067165,0.0018716799095273018,0.0018530406523495913,0.001783413504487393,0.001872051041573286,20,0.0018686610274016857,0
npy,1000,100,1,20,2,0.000582065898925066,0.0006034658290445805,0.000584885012358427,0.0005946708843111992,0.0005876458017155528,0.000582065898925066,0.0005975765202972323,20,0.0005854254122823477,0
ort,10000,100,1,20,2,0.017613178119063377,0.018624867778271437,0.017693825997412205,0.018597560934722424,0.018334178370423615,0.017613178119063377,0.018624867778271437,20,0.018537814961746335,0
npy,10000,100,1,20,2,0.00614274712279439,0.006409381050616503,0.0061942837201058865,0.006267799995839596,0.006234067073091864,0.00614274712279439,0.006343416417590038,20,0.006228843005374074,0
ort,1,100,2,20,2,2.8668902814388275e-05,0.006218278780579567,2.8907321393489838e-05,2.9808375984430313e-05,0.00033878462854772804,2.8668902814388275e-05,0.0029825282064104867,20,2.9159942641854286e-05,0
npy,1,100,2,20,2,2.0277220755815506e-05,3.039184957742691e-05,2.039968967437744e-05,2.0762905478477478e-05,2.1024676971137524e-05,2.0277220755815506e-05,2.5252700847844554e-05,20,2.0491424947977066e-05,0
ort,10,100,2,20,2,6.108591333031654e-05,7.982086390256882e-05,6.122887134552002e-05,6.198231130838394e-05,6.240585353225469e-05,6.108591333031654e-05,7.027135843807485e-05,20,6.138114258646965e-05,0
npy,10,100,2,20,2,3.3507589250802994e-05,5.386676639318466e-05,3.372691571712494e-05,4.219077527523041e-05,3.5784696228802205e-05,3.3507589250802994e-05,4.535235339363175e-05,20,3.395578823983669e-05,0
ort,100,100,2,20,2,0.0003413851372897625,0.00039854366332292557,0.0003577321767807007,0.00038831960409879684,0.0003709959564730525,0.00034406844913349466,0.00039792346381261034,20,0.00037163286469876766,0
npy,100,100,2,20,2,0.00012090383097529411,0.00014751125127077103,0.0001230146735906601,0.00012734206393361092,0.00012526947539299728,0.00012090383097529411,0.00013714441285059278,20,0.00012338301166892052,0
ort,1000,100,2,20,2,0.0033077457919716835,0.0036670593544840813,0.003470777068287134,0.0036177639849483967,0.0035351468017324806,0.00337170716897154,0.0036670593544840813,20,0.0035565393045544624,0
npy,1000,100,2,20,2,0.001000773161649704,0.001030829269438982,0.0010013650171458721,0.0010278732515871525,0.0010104000335559248,0.001000773161649704,0.001030829269438982,20,0.001003732206299901,0
ort,10000,100,2,20,2,0.034726280719041824,0.03566142823547125,0.034868596121668816,0.0356543711386621,0.0354432626394555,0.034822584496512224,0.03566142823547125,20,0.03558667050674558,0
npy,10000,100,2,20,2,0.010345203801989555,0.01068373303860426,0.010388181079179049,0.010551996994763613,0.010451590665616095,0.010345203801989555,0.010619231016079273,20,0.010425355052575469,0
ort,1,100,3,20,2,3.0981842428445816e-05,0.006292969919741154,3.1085219234228134e-05,3.18051315844059e-05,0.00034456471912562846,3.0981842428445816e-05,0.003019294190792585,20,3.1354138627648354e-05,0
npy,1,100,3,20,2,2.711685374379158e-05,4.272535443305969e-05,2.720113843679428e-05,3.669131547212601e-05,2.9222876764833928e-05,2.711685374379158e-05,3.7606279078011384e-05,20,2.7512433007359505e-05,0
ort,10,100,3,20,2,7.613981142640114e-05,9.838398545980453e-05,7.836893200874329e-05,8.028512820601463e-05,7.992363534867764e-05,7.613981142640114e-05,8.845150139656409e-05,20,7.909839041531086e-05,0
npy,10,100,3,20,2,4.6321190893650055e-05,6.419885903596878e-05,4.639383405447006e-05,4.843901842832565e-05,4.824730567634106e-05,4.6321190893650055e-05,5.676668529494493e-05,20,4.675821401178837e-05,0
ort,100,100,3,20,2,0.0005406830459833145,0.000569567084312439,0.0005419258959591389,0.0005501797422766685,0.0005468844901770353,0.0005406830459833145,0.0005600365986680411,20,0.0005450320895761251,0
npy,100,100,3,20,2,0.00017426908016204834,0.0001929006539285183,0.00017646094784140587,0.0001775752753019333,0.00017790414858609438,0.00017426908016204834,0.00018564213484157228,20,0.00017698993906378746,0
ort,1000,100,3,20,2,0.00501043489202857,0.005274187307804823,0.005220371764153242,0.0052583119831979275,0.005222381418570876,0.005099340991039583,0.005274187307804823,20,0.005241888342425227,0
npy,1000,100,3,20,2,0.0014144196175038815,0.0014882120303809643,0.0014160312712192535,0.0014449041336774826,0.0014260439435020088,0.0014144196175038815,0.0014596147042539392,20,0.0014190394431352615,0
ort,10000,100,3,20,2,0.051806492265313864,0.05273487139493227,0.05260210670530796,0.05271711386740208,0.05254014926031232,0.05193962195216438,0.05273487139493227,20,0.052658671513199806,0
npy,10000,100,3,20,2,0.014360020868480206,0.014765501022338867,0.01440203096717596,0.014546845108270645,0.014463598397560418,0.014360020868480206,0.01463669686930575,20,0.01443500630557537,0
ort,1,100,5,20,2,3.547687083482742e-05,0.006185003090649843,3.558211028575897e-05,3.873836249113083e-05,0.0003443294204771519,3.547687083482742e-05,0.002970626906494819,20,3.58636025339365e-05,0
npy,1,100,5,20,2,4.1489023715257645e-05,5.195010453462601e-05,4.172837361693382e-05,4.237005487084389e-05,4.244756419211626e-05,4.1489023715257645e-05,4.6748793654444e-05,20,4.196958616375923e-05,0
ort,10,100,5,20,2,0.00011285487562417984,0.0001374618150293827,0.00011395895853638649,0.000115963164716959,0.00011676196008920669,0.00011285487562417984,0.0001296318254130806,20,0.00011458247900009155,0
npy,10,100,5,20,2,7.170019671320915e-05,8.235173299908638e-05,7.223989814519882e-05,7.403828203678131e-05,7.350787054747344e-05,7.170019671320915e-05,7.772001664621244e-05,20,7.317611016333103e-05,0
ort,100,100,5,20,2,0.0008640852756798267,0.000903658103197813,0.0008804821409285069,0.0009009619243443012,0.0008845863630995154,0.0008659064676191113,0.0009032662585799195,20,0.0008842174429446459,0
npy,100,100,5,20,2,0.00028078770264983177,0.00029932986944913864,0.0002836962230503559,0.00029070116579532623,0.000285486807115376,0.00028078770264983177,0.0002930451901433067,20,0.0002843064721673727,0
ort,1000,100,5,20,2,0.008458178956061602,0.00868462398648262,0.00849468493834138,0.008661400992423296,0.008588827191852033,0.00845841426266874,0.00868462398648262,20,0.008600991917774081,0
npy,1000,100,5,20,2,0.0022462490014731884,0.0022776899859309196,0.002252540085464716,0.002275482751429081,0.002260517352260649,0.0022462490014731884,0.0022776899859309196,20,0.002257974585518241,0
ort,10000,100,5,20,2,0.08575081406161189,0.08703734911978245,0.08635074878111482,0.0866226558573544,0.08641536559443921,0.08587954743621357,0.08695118375266486,20,0.08644506381824613,0
npy,10000,100,5,20,2,0.022971471305936575,0.023367289919406176,0.023028914351016283,0.02322366740554571,0.0230970059055835,0.022971471305936575,0.023302770073960845,20,0.023061714367941022,0
ort,1,100,10,20,2,4.703272134065628e-05,0.0058009508065879345,4.721386358141899e-05,4.8037152737379074e-05,0.00033527393825352194,4.703272134065628e-05,0.002792942283460018,20,4.7501642256975174e-05,0
npy,1,100,10,20,2,7.744599133729935e-05,0.00010322500020265579,7.783481851220131e-05,7.867906242609024e-05,7.981720846146345e-05,7.744599133729935e-05,9.10922623845993e-05,20,7.807835936546326e-05,0
ort,10,100,10,20,2,0.00020054122433066368,0.000227305106818676,0.00020106183364987373,0.00020434008911252022,0.0002042410196736455,0.00020054122433066368,0.00021857292516818142,20,0.0002017458900809288,0
npy,10,100,10,20,2,0.0001342971809208393,0.00016265083104372025,0.00013627205044031143,0.00013969093561172485,0.00013905784580856562,0.0001342971809208393,0.00015102802213611842,20,0.0001373866107314825,0
ort,100,100,10,20,2,0.0017203623428940773,0.0017570680938661098,0.0017280522733926773,0.001736300066113472,0.0017323325388133525,0.0017203623428940773,0.0017459486504091545,20,0.0017319561447948217,0
npy,100,100,10,20,2,0.000545842107385397,0.0005653947591781616,0.0005495110526680946,0.0005583479069173336,0.0005529245361685752,0.000545842107385397,0.0005614175227480094,20,0.0005521075800061226,0
ort,1000,100,10,20,2,0.016790833789855242,0.017196590080857277,0.01682315021753311,0.01704332884401083,0.016964959166944026,0.016790833789855242,0.01716634018723512,20,0.01697011897340417,0
npy,1000,100,10,20,2,0.004236739128828049,0.004339529667049646,0.004244278185069561,0.004291657358407974,0.004263436328619719,0.004236739128828049,0.004314115828187871,20,0.004250332480296493,0
ort,10000,100,10,20,2,0.17023049108684063,0.17164100520312786,0.1710259523242712,0.17138548800721765,0.1711259260540828,0.17046924009069056,0.17164100520312786,20,0.17118330323137343,0
npy,10000,100,10,20,2,0.04353070119395852,0.04462793096899986,0.04361546132713556,0.04432483483105898,0.043828286998905244,0.04353070119395852,0.044397859056160026,20,0.04375006933696568,0
ort,1,100,50,20,2,0.0001381528563797474,0.006422583945095539,0.00013832980766892433,0.00014905398711562157,0.00045429500751197337,0.0001381528563797474,0.0031379744646225526,20,0.00013881782069802284,0
npy,1,100,50,20,2,0.0003552497364580631,0.00038572074845433235,0.0003615310415625572,0.00036770105361938477,0.00036547726485878227,0.0003552497364580631,0.0003784198044693608,20,0.00036462885327637196,0
ort,10,100,50,20,2,0.000902026891708374,0.000945019070059061,0.000902778934687376,0.0009092763066291809,0.0009068782441318035,0.000902026891708374,0.0009247022792440082,20,0.0009041239973157644,0
npy,10,100,50,20,2,0.0006337701342999935,0.0006558280438184738,0.0006376290693879128,0.0006521777249872684,0.0006444983649998903,0.0006337701342999935,0.0006558280438184738,20,0.0006435930263251066,0
ort,100,100,50,20,2,0.008476030081510544,0.008551512844860554,0.008486826904118061,0.008526303805410862,0.008505567582324148,0.008476030081510544,0.008541846230912021,20,0.00850441842339933,0
npy,100,100,50,20,2,0.0026544262655079365,0.002717370167374611,0.002683074213564396,0.0027121608145534992,0.0026918603340163826,0.0026620725250427486,0.002717370167374611,20,0.002690353896468878,0
ort,1000,100,50,20,2,0.08298356598243117,0.08501448994502425,0.08387485286220908,0.08454616600647569,0.08404987065587192,0.08317154657679736,0.08492819473494649,20,0.08401726745069027,0
npy,1000,100,50,20,2,0.02101172786206007,0.021262453868985176,0.021036474965512753,0.021169287152588367,0.021082488377578555,0.02101172786206007,0.021213875849294007,20,0.02105660503730178,0
ort,10000,100,50,20,2,0.8478429787792265,0.850538965780288,0.8488596086390316,0.8498327150009573,0.8493409615475684,0.8482421571989434,0.8504397658961935,20,0.8493095671292394,0
npy,10000,100,50,20,2,0.2103733429685235,0.21143041597679257,0.21068698912858963,0.21126985596492887,0.21090211397968234,0.2103733429685235,0.21143041597679257,20,0.2108639506623149,0
ort,1,100,100,20,2,0.0002507306635379791,0.005610103718936443,0.0002509350888431072,0.00025511160492897034,0.0005206350469961762,0.0002507306635379791,0.00280916597305908,20,0.0002512207720428705,0
npy,1,100,100,20,2,0.0007120859809219837,0.0007498562335968018,0.0007151030004024506,0.0007422878406941891,0.0007225304841995239,0.0007120859809219837,0.0007432819812777307,20,0.0007194322533905506,0
ort,10,100,100,20,2,0.0017756996676325798,0.0018499339930713177,0.001775939017534256,0.001799396239221096,0.0017861588625237347,0.0017756996676325798,0.0018192229877207415,20,0.0017796300817281008,0
npy,10,100,100,20,2,0.0012777452357113361,0.001328268088400364,0.0012836409732699394,0.0013191108591854572,0.001298552704975009,0.0012777452357113361,0.001328268088400364,20,0.0012935241684317589,0
ort,100,100,100,20,2,0.0169074940495193,0.01708884909749031,0.01693747006356716,0.016976532991975546,0.016959135327488183,0.0169074940495193,0.017028237687300697,20,0.016955931205302477,0
npy,100,100,100,20,2,0.0052809929475188255,0.0054112826474010944,0.0053540002554655075,0.0054082442075014114,0.005369848967529833,0.005304116467732733,0.0054112826474010944,20,0.005367614328861237,0
ort,1000,100,100,20,2,0.16573065612465143,0.16884194081649184,0.16642885468900204,0.16863104794174433,0.16739086196757852,0.16573065612465143,0.16884194081649184,20,0.1674887859262526,0
npy,1000,100,100,20,2,0.04170795902609825,0.04195945058017969,0.04175172001123428,0.04190109996125102,0.04182745404541492,0.04170795902609825,0.04195361907839367,20,0.04183523450046778,0
ort,10000,100,100,20,2,1.6947464980185032,1.6982292458415031,1.6955667580477893,1.6972796679474413,1.6961273720255121,1.6947464980185032,1.6977645795044978,20,1.695840104483068,0
npy,10000,100,100,20,2,0.4192378376610577,0.42212639609351754,0.41967029171064496,0.4215428722091019,0.4203764335019514,0.4192378376610577,0.42197325762190036,20,0.4200593866407871,0
ort,1,100,150,20,2,0.00036155199632048607,0.005299075040966272,0.0003617210313677788,0.0003860499709844589,0.000611690292134881,0.00036155199632048607,0.002719444631974853,20,0.0003621771465986967,0
npy,1,100,150,20,2,0.0010649701580405235,0.00109807588160038,0.0010740910656750202,0.001092216931283474,0.0010810529813170433,0.00106581745829701,0.0010962885043370766,20,0.0010803842451423407,0
ort,10,100,150,20,2,0.002648747991770506,0.00273946113884449,0.0026519508101046085,0.002656946424394846,0.0026583457132801414,0.002648747991770506,0.0026954786369410193,20,0.002653263509273529,0
npy,10,100,150,20,2,0.0018963692709803581,0.0019982578232884407,0.001902084331959486,0.0019728667102754116,0.0019277214072644711,0.0018963692709803581,0.001983189709279071,20,0.0019201196264475584,0
ort,100,100,150,20,2,0.025347365997731686,0.025722568854689598,0.025400179903954268,0.02548504900187254,0.02544184438884258,0.025347365997731686,0.025591650790994343,20,0.025422131177037954,0
npy,100,100,150,20,2,0.00794041296467185,0.008091346826404333,0.008004441857337952,0.008074797224253416,0.008042129897512495,0.007972652490725629,0.008091346826404333,20,0.008050312753766775,0
ort,1000,100,150,20,2,0.24796229554340243,0.25416234601289034,0.24861398711800575,0.25161880115047097,0.2500733663327992,0.24796229554340243,0.2529553671759711,20,0.2501365279313177,0
npy,1000,100,150,20,2,0.06277180509641767,0.06318565038964152,0.0628194771707058,0.06313139013946056,0.06292340215295553,0.06277180509641767,0.06315389781031279,20,0.0628981536719948,0
ort,10000,100,150,20,2,2.542023390997201,2.545513632707298,2.543235255405307,2.5452655320987105,2.5440527386963367,2.54222429108116,2.545513632707298,20,2.544010519515723,0
npy,10000,100,150,20,2,0.621057387907058,0.6249538976699114,0.6216525030322373,0.6241827933117747,0.622762830206193,0.621057387907058,0.6248322187886536,20,0.6225689561106265,0
ort,1,100,200,20,2,0.000474332831799984,0.005231818184256554,0.00047455308958888054,0.0005003819242119789,0.0007177416002377868,0.000474332831799984,0.002747586458319921,20,0.0004762476310133934,0
npy,1,100,200,20,2,0.0013898303732275963,0.0014528380706906319,0.001408006064593792,0.0014453791081905365,0.0014211590168997645,0.0013898303732275963,0.0014528380706906319,20,0.0014195351395756006,0
ort,10,100,200,20,2,0.003524784930050373,0.0036409227177500725,0.0035316217690706253,0.0035586003214120865,0.003541637188754976,0.003524784930050373,0.0035896483450982503,20,0.0035337968729436398,0
npy,10,100,200,20,2,0.002540888264775276,0.002642217092216015,0.0025449739769101143,0.002607824746519327,0.0025715791154652832,0.002540888264775276,0.0026251880551277575,20,0.002566106151789427,0
ort,100,100,200,20,2,0.03383037215098739,0.034263518173247576,0.03387472778558731,0.03404405200853944,0.03394812473561615,0.03383037215098739,0.034137310259399034,20,0.033928079064935446,0
npy,100,100,200,20,2,0.01066556479781866,0.01148020289838314,0.010709900874644518,0.010974242817610502,0.010831680567935108,0.01066556479781866,0.011213729677928636,20,0.010740076890215278,0
ort,1000,100,200,20,2,0.33104589814320207,0.3379535269923508,0.33145761862397194,0.3358747991733253,0.3334389646304771,0.33104589814320207,0.33744869322988064,20,0.33319658460095525,0
npy,1000,100,200,20,2,0.08451979840174317,0.08560757804661989,0.08477689372375607,0.08515124907717109,0.08495745258405804,0.08451979840174317,0.08542387225964675,20,0.08494326542131603,0
ort,10000,100,200,20,2,3.390806149225682,3.395248787011951,3.3923516599461436,3.3937590681016445,3.393019277229905,3.391031471710198,3.395007082749612,20,3.3929222864098847,0
npy,10000,100,200,20,2,0.8423587079159915,0.8503281907178462,0.8432608200237155,0.8467057310044765,0.8446470004506409,0.8423587079159915,0.848320851309225,20,0.844189879251644,0
ort,1,100,250,20,2,0.0005843718536198139,0.005779031198471785,0.0005854987539350986,0.0006170650012791157,0.0008506073616445064,0.0005843718536198139,0.003066798394249156,20,0.0005859795492142439,0
npy,1,100,250,20,2,0.0017574517987668514,0.0018219859339296818,0.0017744600772857666,0.0017959731630980968,0.0017866278765723109,0.00176076928125641,0.0018124864718882118,20,0.0017890234012156725,0
ort,10,100,250,20,2,0.004397011827677488,0.004537250380963087,0.004400795791298151,0.004420286975800991,0.004413512744940817,0.004397011827677488,0.004471123115133525,20,0.004404561128467321,0
npy,10,100,250,20,2,0.0031515788286924362,0.0032791090197861195,0.003180617932230234,0.003244719933718443,0.003202977171167731,0.0031515788286924362,0.0032623443410648096,20,0.003199026919901371,0
ort,100,100,250,20,2,0.04228322533890605,0.04266577214002609,0.04231437295675278,0.042511516716331244,0.042401106818579136,0.04228322533890605,0.04257695309914478,20,0.042388972360640764,0
npy,100,100,250,20,2,0.013292906805872917,0.014359875116497278,0.01333319814875722,0.013786289375275373,0.013510033185593785,0.013292906805872917,0.014017951068276737,20,0.01342231803573668,0
ort,1000,100,250,20,2,0.41267255088314414,0.42273964220657945,0.41472927387803793,0.4217062368988991,0.4176165097625926,0.41267255088314414,0.42273964220657945,20,0.41739828791469336,0
npy,1000,100,250,20,2,0.1050830059684813,0.10538400989025831,0.10518117109313607,0.10537259373813868,0.10525921231601387,0.10508511636629043,0.10538400989025831,20,0.10527117713354528,0
ort,10000,100,250,20,2,4.2388220662251115,4.255851069930941,4.239966539200395,4.243953364901245,4.2421608085045595,4.2388220662251115,4.2490324274701825,20,4.241407747846097,0
npy,10000,100,250,20,2,1.0439286408945918,1.0507147167809308,1.0446429490111768,1.0500092692673206,1.046979519049637,1.0439286408945918,1.0507147167809308,20,1.046775912400335,0
ort,1,100,300,20,2,0.0006959852762520313,0.005348884966224432,0.0006976891309022903,0.0007193633355200291,0.0009352864930406213,0.0006959852762520313,0.0029199406580853538,20,0.0007005895022302866,0
npy,1,100,300,20,2,0.002105053048580885,0.0022711209021508694,0.0021290197037160397,0.0022480818443000317,0.00216434127651155,0.002105053048580885,0.002248407044861308,20,0.002156397793442011,0
ort,10,100,300,20,2,0.005272277165204287,0.00543419411405921,0.005274286959320307,0.005294824950397015,0.005288658803328872,0.005272277165204287,0.0053558910112837515,20,0.005278333090245724,0
npy,10,100,300,20,2,0.0038008498959243298,0.003892363980412483,0.0038194763474166393,0.003873918205499649,0.003842251002788544,0.0038008498959243298,0.003892048052157568,20,0.003838583827018738,0
ort,100,100,300,20,2,0.0506686856970191,0.051101540215313435,0.05071273911744356,0.050861291121691465,0.0508044395595789,0.0506686856970191,0.05100637867966267,20,0.05078259902074933,0
npy,100,100,300,20,2,0.015918794088065624,0.017206907738000154,0.016007141210138798,0.016523446887731552,0.01621585851535201,0.015918794088065624,0.01681609752384993,20,0.016127957263961434,0
ort,1000,100,300,20,2,0.4934751992113888,0.5063904230482876,0.4965617689304054,0.5022859601303935,0.5000083109131083,0.4940326774299377,0.5059839443962788,20,0.5004129472654313,0
npy,1000,100,300,20,2,0.12440354097634554,0.12689332710579038,0.12448087288066745,0.12551625166088343,0.12503215121105313,0.12440354097634554,0.12625977531494784,20,0.12485001957975328,0
ort,10000,100,300,20,2,5.085414081811905,5.0988574847579,5.087526728399098,5.090851052198559,5.089145272504538,5.085414081811905,5.094568564049125,20,5.088325507706031,0
npy,10000,100,300,20,2,1.2378983963280916,1.2524914843961596,1.2406814182177186,1.2468894580379128,1.2438545224023982,1.2378983963280916,1.2504220262477028,20,1.2435427065938711,0
